
Table 1a: Descriptive Statistics — Full Sample
=================================================================================================
Statistic                   N      Mean      St. Dev.    Min    Pctl(25) Median  Pctl(75)   Max  
-------------------------------------------------------------------------------------------------
CAR [-1,+1]               1,504   0.0029      0.0657   -0.3423  -0.0343  0.0040   0.0405  0.3887 
CAR [+2, +30]             1,504   0.0019      0.0785   -0.4382  -0.0478  0.0008   0.0469  0.4027 
AI core (per 1000, total) 1,504   1.3182      2.9833    0.0000   0.0000  0.1038   0.7909  21.3273
AI core (per 1000, pres)  1,504   1.8079      4.2064    0.0000   0.0000  0.0000   0.9388  34.9554
AI core (per 1000, Q&A)   1,504   1.0186      2.4406    0.0000   0.0000  0.0000   0.5274  18.7339
AI adj (per 1000, total)  1,504   0.3394      0.5457    0.0000   0.0000  0.1061   0.4397  4.8006 
AI adj (per 1000, pres)   1,504   0.4828      0.8786    0.0000   0.0000  0.0000   0.6155  6.5973 
AI adj (per 1000, Q&A)    1,504   0.2578      0.4768    0.0000   0.0000  0.0000   0.3368  4.7134 
LM Tone (total)           1,504   0.3205      0.1896   -0.4439   0.2086  0.3408   0.4531  0.7936 
LM Uncertainty (total)    1,504   0.0096      0.0021    0.0044   0.0081  0.0095   0.0109  0.0174 
LM Tone (pres)            1,504   0.5027      0.2510   -1.0000   0.3690  0.5455   0.6770  1.0000 
LM Uncertainty (pres)     1,504   0.0084      0.0043    0.0000   0.0056  0.0074   0.0100  0.0408 
LM Tone (Q&A)             1,504   0.1889      0.2090   -0.5395   0.0490  0.2083   0.3430  0.7517 
LM Uncertainty (Q&A)      1,504   0.0108      0.0023    0.0046   0.0093  0.0107   0.0122  0.0209 
Total words               1,504 10,047.8400 1,837.3320  4,624   9,047.2  10,022   10,850  22,584 
Presentation words        1,504 3,491.7960  1,455.8850    52     2,601   3,575.5 4,346.2  15,684 
Q&A words                 1,504 6,388.5020  1,584.1980  2,693    5,269    6,312  7,371.5  16,361 
SUE Score                 1,493   2.1782      4.0329   -33.9626  0.5498  1.7160   3.3466  68.5166
Analyst Coverage          1,502   21.1025     7.2050      3        16      20       26      47   
ROA                       1,504   0.0221      0.0267   -0.1807   0.0072  0.0174   0.0319  0.2117 
Book-to-Market            1,504   0.2939      0.3373   -0.2507   0.0794  0.1770   0.4345  2.4138 
Firm Size (ln MktCap)     1,504   12.0782     0.9027    9.5087  11.5220  11.9792 12.4802  15.4091
Leverage                  1,504   0.3284      0.1986    0.0000   0.1877  0.3042   0.4346  0.9750 
-------------------------------------------------------------------------------------------------
