
Table 1b: Descriptive Statistics — Ex-Semiconductor
==================================================================================================
Statistic                   N      Mean      St. Dev.    Min    Pctl(25)  Median  Pctl(75)   Max  
--------------------------------------------------------------------------------------------------
CAR [-1,+1]               1,424   0.0035      0.0652   -0.3423  -0.0333   0.0044   0.0410  0.3887 
CAR [+2, +30]             1,424   0.0007      0.0766   -0.4382  -0.0483   0.0002   0.0456  0.4027 
AI core (per 1000, total) 1,424   1.0882      2.5420    0.0000   0.0000   0.0972   0.6521  16.3783
AI core (per 1000, pres)  1,424   1.4342      3.4622    0.0000   0.0000   0.0000   0.6994  24.2621
AI core (per 1000, Q&A)   1,424   0.8550      2.0761    0.0000   0.0000   0.0000   0.4253  16.0462
AI adj (per 1000, total)  1,424   0.3167      0.5207    0.0000   0.0000   0.1023   0.3997  4.8006 
AI adj (per 1000, pres)   1,424   0.4332      0.8154    0.0000   0.0000   0.0000   0.5391  6.5973 
AI adj (per 1000, Q&A)    1,424   0.2479      0.4590    0.0000   0.0000   0.0000   0.3218  4.7134 
LM Tone (total)           1,424   0.3211      0.1876   -0.4439   0.2086   0.3393   0.4523  0.7936 
LM Uncertainty (total)    1,424   0.0097      0.0021    0.0044   0.0082   0.0095   0.0110  0.0174 
LM Tone (pres)            1,424   0.4973      0.2521   -1.0000   0.3645   0.5385   0.6701  1.0000 
LM Uncertainty (pres)     1,424   0.0085      0.0044    0.0000   0.0055   0.0075   0.0101  0.0408 
LM Tone (Q&A)             1,424   0.1901      0.2086   -0.5395   0.0490   0.2082   0.3438  0.7517 
LM Uncertainty (Q&A)      1,424   0.0109      0.0023    0.0046   0.0093   0.0107   0.0123  0.0209 
Total words               1,424 10,120.5500 1,826.7570  4,624   9,156.8  10,065.5 10,899.5 22,584 
Presentation words        1,424 3,534.6320  1,463.2470    52    2,654.5   3,624   4,367.8  15,684 
Q&A words                 1,424 6,417.7160  1,609.4820  2,693   5,270.5  6,327.5  7,452.2  16,361 
SUE Score                 1,413   2.1505      3.9842   -33.9626  0.5436   1.7015   3.2484  68.5166
Analyst Coverage          1,422   20.6828     7.0737      3        16       19       25      47   
ROA                       1,424   0.0207      0.0227   -0.1807   0.0073   0.0173   0.0307  0.2117 
Book-to-Market            1,424   0.2954      0.3398   -0.2507   0.0794   0.1800   0.4355  2.4138 
Firm Size (ln MktCap)     1,424   12.0596     0.8960    9.5087  11.4842  11.9710  12.4805  15.1637
Leverage                  1,424   0.3340      0.2007    0.0000   0.1892   0.3099   0.4385  0.9750 
--------------------------------------------------------------------------------------------------
