
Table 1: Descriptive Statistics
================================================================================================
Statistic                   N      Mean      St. Dev.    Min   Pctl(25) Median  Pctl(75)   Max  
------------------------------------------------------------------------------------------------
CAR [-1,+3]               1,547   0.0034      0.0723   -0.3466 -0.0383  0.0008   0.0453  0.4350 
Long-run ABret            1,547   0.0041      0.1271   -0.6153 -0.0764  -0.0002  0.0732  0.8528 
AI core (per 1000, total) 1,547   1.3470      3.0014   0.0000   0.0000  0.1067   0.7985  21.3273
AI core (per 1000, pres)  1,547   1.8300      4.1996   0.0000   0.0000  0.0000   0.9697  34.9554
AI core (per 1000, Q&A)   1,547   1.0540      2.4909   0.0000   0.0000  0.0000   0.5562  18.7339
AI adj (per 1000, total)  1,547   0.3518      0.5860   0.0000   0.0000  0.1067   0.4448  5.3140 
AI adj (per 1000, pres)   1,547   0.4972      0.9183   0.0000   0.0000  0.0000   0.6159  6.5973 
AI adj (per 1000, Q&A)    1,547   0.2686      0.5119   0.0000   0.0000  0.0000   0.3480  4.8041 
LM Tone (total)           1,547   0.3180      0.1919   -0.4439  0.2068  0.3384   0.4524  0.7936 
LM Uncertainty (total)    1,547   0.0096      0.0021   0.0044   0.0082  0.0095   0.0109  0.0174 
LM Tone (pres)            1,547   0.5014      0.2510   -1.0000  0.3680  0.5439   0.6757  1.0000 
LM Uncertainty (pres)     1,547   0.0084      0.0043   0.0000   0.0056  0.0074   0.0100  0.0408 
LM Tone (Q&A)             1,547   0.1862      0.2110   -0.5395  0.0476  0.2043   0.3423  0.7517 
LM Uncertainty (Q&A)      1,547   0.0109      0.0023   0.0046   0.0093  0.0107   0.0123  0.0209 
Total words               1,547 10,034.0500 1,835.3330  4,624   9,030   10,025   10,853  22,584 
Presentation words        1,547 3,501.2460  1,452.9000   52    2,594.5   3,585   4,360   15,684 
Q&A words                 1,547 6,365.2270  1,572.5540  2,693  5,255.5   6,268  7,324.5  16,361 
------------------------------------------------------------------------------------------------
