10104
10107
10145
11308
11850
12052
12060
12369
12490
13407
13447
13721
13856
13901
13928
14008
14541
14542
14593
15488
15579
17005
17778
17830
18143
18163
18411
18542
18576
18729
19350
19393
19561
19788
20482
21178
21936
22103
22111
22592
22752
24205
26403
27959
38703
43449
47896
48725
49154
49656
49680
50876
55976
57665
59176
59328
59408
60097
60628
61241
61399
62092
65875
66093
66157
66181
66800
69032
70519
75186
75510
76076
77178
77274
77702
78975
80100
81055
83443
84788
86111
86580
86783
86868
87055
87267
87447
87842
88352
89006
89071
89393
89525
90215
90319
91233
91937
92602
92611
92655
93002
93436